Stock Code,Date,epoch timestamp,open,high,low,close,volume,adjclose
ADT,2/8/2019,1549636200,7.559999942779541,7.670000076293945,7.485000133514404,7.650000095367432,1007100.0,6.916443824768066
ADT,2/7/2019,1549549800,7.599999904632568,7.71999979019165,7.514999866485596,7.590000152587891,1344000.0,6.862197399139404
ADT,2/6/2019,1549463400,7.559999942779541,7.679999828338623,7.519999980926514,7.639999866485596,1531700.0,6.907402515411377
ADT,2/5/2019,1549377000,7.630000114440918,7.789999961853027,7.489999771118164,7.570000171661377,1878400.0,6.844114780426025
ADT,2/4/2019,1549290600,7.320000171661377,7.610000133514404,7.283999919891357,7.579999923706055,2580700.0,6.853156089782715
ADT,2/1/2019,1549031400,7.329999923706055,7.380000114440918,7.159999847412109,7.309999942779541,1456900.0,6.609045505523682
ADT,1/31/2019,1548945000,7.150000095367432,7.320000171661377,7.119999885559082,7.21999979019165,945700.0,6.527676105499268
ADT,1/30/2019,1548858600,7.199999809265137,7.21999979019165,7.039999961853027,7.130000114440918,1202700.0,6.446306228637695
ADT,1/29/2019,1548772200,7.079999923706055,7.190000057220459,7.014999866485596,7.119999885559082,951000.0,6.437264919281006
ADT,1/28/2019,1548685800,7.170000076293945,7.171999931335449,6.96999979019165,7.03000020980835,1816300.0,6.355895519256592
AMZN,2/8/2019,1549636200,1586.0,1588.5899658203125,1566.760009765625,1588.219970703125,5657500.0,1588.219970703125
AMZN,2/7/2019,1549549800,1625.0,1625.5400390625,1592.9100341796875,1614.3699951171875,4626600.0,1614.3699951171875
AMZN,2/6/2019,1549463400,1670.75,1672.260009765625,1633.3399658203125,1640.260009765625,3939900.0,1640.260009765625
AMZN,2/5/2019,1549377000,1643.3399658203125,1665.260009765625,1642.5,1658.81005859375,4453100.0,1658.81005859375
AMZN,2/4/2019,1549290600,1623.0,1649.6300048828125,1613.5,1633.31005859375,4929100.0,1633.31005859375
AMZN,2/1/2019,1549031400,1638.8800048828125,1673.06005859375,1622.010009765625,1626.22998046875,11506200.0,1626.22998046875
AMZN,1/31/2019,1548945000,1692.8499755859375,1736.4100341796875,1679.0799560546875,1718.72998046875,10910300.0,1718.72998046875
AMZN,1/30/2019,1548858600,1623.0,1676.949951171875,1619.6800537109375,1670.4300537109375,5783800.0,1670.4300537109375
AMZN,1/29/2019,1548772200,1631.27001953125,1632.3800048828125,1590.719970703125,1593.8800048828125,4632800.0,1593.8800048828125
AMZN,1/28/2019,1548685800,1643.5899658203125,1645.0,1614.0899658203125,1637.8900146484375,4837700.0,1637.8900146484375
Bud,2/8/2019,1549636200,75.58000183105469,76.16999816894531,75.43000030517578,76.1500015258789,1480900.0,74.34516143798828
Bud,2/7/2019,1549549800,76.87000274658203,77.22000122070312,76.4800033569336,76.9000015258789,1479200.0,75.077392578125
Bud,2/6/2019,1549463400,78.88999938964844,79.0,78.27999877929688,78.30000305175781,968600.0,76.44420623779297
Bud,2/5/2019,1549377000,78.13999938964844,79.20999908447266,78.0,78.86000061035156,1089800.0,76.99093627929688
Bud,2/4/2019,1549290600,76.88999938964844,77.5,76.69999694824219,77.41000366210938,812400.0,75.57530212402344
Bud,2/1/2019,1549031400,76.5,77.38999938964844,76.36000061035156,76.83999633789062,1400800.0,75.01880645751953
Bud,1/31/2019,1548945000,75.48999786376953,76.83000183105469,75.2699966430664,76.44000244140625,1485300.0,74.6282958984375
Bud,1/30/2019,1548858600,74.31999969482422,75.20999908447266,74.23999786376953,74.94000244140625,1042400.0,73.16384887695312
Bud,1/29/2019,1548772200,73.77999877929688,74.11000061035156,73.5999984741211,73.98999786376953,1360500.0,72.2363510131836
Bud,1/28/2019,1548685800,73.30000305175781,73.7699966430664,72.87000274658203,73.68000030517578,1500000.0,71.93370819091797
PEP,2/8/2019,1549636200,112.93000030517578,113.04000091552734,111.93000030517578,113.0199966430664,3868300.0,109.76337432861328
PEP,2/7/2019,1549549800,112.81999969482422,113.16000366210938,112.16000366210938,113.08999633789062,4227700.0,109.83136749267578
PEP,2/6/2019,1549463400,113.41000366210938,113.58000183105469,112.30000305175781,113.05000305175781,4209400.0,109.79251861572266
PEP,2/5/2019,1549377000,113.02999877929688,113.54000091552734,112.48999786376953,112.9000015258789,4593400.0,109.64683532714844
PEP,2/4/2019,1549290600,112.20999908447266,113.4000015258789,111.8499984741211,113.08999633789062,3665000.0,109.83136749267578
PEP,2/1/2019,1549031400,112.94999694824219,113.27999877929688,111.44999694824219,112.19000244140625,5010500.0,108.9572982788086
PEP,1/31/2019,1548945000,110.97000122070312,112.9000015258789,110.20999908447266,112.66999816894531,6183400.0,109.42346954345703
PEP,1/30/2019,1548858600,108.94000244140625,111.23999786376953,108.54000091552734,110.81999969482422,5023800.0,107.62677001953125
PEP,1/29/2019,1548772200,108.93000030517578,109.62000274658203,108.51000213623047,109.0,4301500.0,105.85921478271484
PEP,1/28/2019,1548685800,108.95999908447266,109.5999984741211,108.0,108.81999969482422,4055900.0,105.68440246582031
CL,2/8/2019,1549636200,64.91999816894531,65.69000244140625,64.75,65.69000244140625,3040100.0,64.4954605102539
CL,2/7/2019,1549549800,64.83999633789062,65.37999725341797,64.55000305175781,65.05000305175781,3145300.0,63.86709213256836
CL,2/6/2019,1549463400,64.5199966430664,65.5,64.5,65.33000183105469,3474600.0,64.14200592041016
CL,2/5/2019,1549377000,65.2699966430664,65.55000305175781,64.63999938964844,64.73999786376953,4255300.0,63.56272506713867
CL,2/4/2019,1549290600,65.29000091552734,65.43000030517578,64.61000061035156,65.19000244140625,3612600.0,64.00455474853516
CL,2/1/2019,1549031400,64.9000015258789,65.25,64.19999694824219,65.05000305175781,5314500.0,63.86709213256836
CL,1/31/2019,1548945000,63.7599983215332,64.8499984741211,63.439998626708984,64.68000030517578,6182900.0,63.503822326660156
CL,1/30/2019,1548858600,63.65999984741211,64.33999633789062,63.459999084472656,63.95000076293945,6663900.0,62.78710174560547
CL,1/29/2019,1548772200,62.70000076293945,63.79999923706055,62.70000076293945,63.689998626708984,4593100.0,62.531822204589844
CL,1/28/2019,1548685800,61.709999084472656,62.84000015258789,61.599998474121094,62.7400016784668,5768200.0,61.59910202026367
KHC,2/8/2019,1549636200,47.20000076293945,47.47999954223633,46.63999938964844,47.459999084472656,5278600.0,44.962520599365234
KHC,2/7/2019,1549549800,47.06999969482422,47.69300079345703,46.81999969482422,47.22999954223633,9556900.0,44.74462890625
KHC,2/6/2019,1549463400,47.95000076293945,48.06999969482422,47.48500061035156,47.689998626708984,5012400.0,45.180416107177734
KHC,2/5/2019,1549377000,47.619998931884766,48.15999984741211,47.459999084472656,48.13999938964844,6145700.0,45.60674285888672
KHC,2/4/2019,1549290600,47.81999969482422,47.97999954223633,47.38999938964844,47.72999954223633,6251500.0,45.21831512451172
KHC,2/1/2019,1549031400,48.13999938964844,48.2400016784668,47.525001525878906,47.7599983215332,4740200.0,45.246734619140625
KHC,1/31/2019,1548945000,46.970001220703125,48.099998474121094,46.939998626708984,48.060001373291016,8319600.0,45.53095245361328
KHC,1/30/2019,1548858600,47.0,47.13999938964844,46.52000045776367,46.75,5414300.0,44.289886474609375
KHC,1/29/2019,1548772200,47.040000915527344,47.2599983215332,46.40999984741211,46.880001068115234,4440500.0,44.413047790527344
KHC,1/28/2019,1548685800,46.779998779296875,47.11000061035156,46.060001373291016,46.900001525878906,6545800.0,44.43199157714844
GOOGL,2/8/2019,1549636200,1094.8800048828125,1105.0999755859375,1094.239990234375,1102.3800048828125,1088300.0,1102.3800048828125
GOOGL,2/7/2019,1549549800,1111.8199462890625,1111.989990234375,1093.5899658203125,1105.9100341796875,1914900.0,1105.9100341796875
GOOGL,2/6/2019,1549463400,1149.27001953125,1154.0,1118.3599853515625,1122.8900146484375,2412800.0,1122.8900146484375
GOOGL,2/5/2019,1549377000,1129.6300048828125,1152.77001953125,1123.5999755859375,1151.8699951171875,4114800.0,1151.8699951171875
GOOGL,2/4/2019,1549290600,1119.010009765625,1142.3399658203125,1117.510009765625,1141.4200439453125,3920400.0,1141.4200439453125
GOOGL,2/1/2019,1549031400,1122.2900390625,1134.4000244140625,1114.25,1118.6199951171875,1655800.0,1118.6199951171875
GOOGL,1/31/2019,1548945000,1112.239990234375,1127.6700439453125,1105.25,1125.8900146484375,2011600.0,1125.8900146484375
GOOGL,1/30/2019,1548858600,1077.3599853515625,1099.52001953125,1076.6400146484375,1097.989990234375,1472600.0,1097.989990234375
GOOGL,1/29/2019,1548772200,1081.0400390625,1084.72998046875,1066.02001953125,1070.06005859375,985200.0,1070.06005859375
GOOGL,1/28/2019,1548685800,1090.0699462890625,1093.3699951171875,1074.6099853515625,1079.8599853515625,1466700.0,1079.8599853515625
DMLRY,2/8/2019,1549636200,13.770000457763672,13.779999732971191,13.529999732971191,13.670000076293945,113600.0,12.787408828735352
DMLRY,2/7/2019,1549549800,14.170000076293945,14.170000076293945,13.899999618530273,13.970000267028809,201000.0,13.068039894104004
DMLRY,2/6/2019,1549463400,14.649999618530273,14.789999961853027,14.489999771118164,14.6899995803833,202400.0,13.74155330657959
DMLRY,2/5/2019,1549377000,14.920000076293945,15.109999656677246,14.890000343322754,15.010000228881836,192100.0,14.040892601013184
DMLRY,2/4/2019,1549290600,14.869999885559082,14.930000305175781,14.819999694824219,14.930000305175781,201200.0,13.966057777404785
DMLRY,2/1/2019,1549031400,15.069999694824219,15.239999771118164,15.020000457763672,15.140000343322754,104600.0,14.16249942779541
DMLRY,1/31/2019,1548945000,14.640000343322754,14.899999618530273,14.59000015258789,14.779999732971191,291000.0,13.8257417678833
DMLRY,1/30/2019,1548858600,14.6899995803833,14.970000267028809,14.680000305175781,14.859999656677246,127000.0,13.9005765914917
DMLRY,1/29/2019,1548772200,14.930000305175781,14.930000305175781,14.760000228881836,14.8100004196167,179000.0,13.853805541992188
DMLRY,1/28/2019,1548685800,14.8100004196167,14.960000038146973,14.8100004196167,14.890000343322754,557100.0,13.928640365600586
MSFT,2/8/2019,1549636200,104.38999938964844,105.77999877929688,104.26000213623047,105.66999816894531,21461100.0,104.13032531738281
MSFT,2/7/2019,1549549800,105.19000244140625,105.58999633789062,104.29000091552734,105.2699966430664,29760700.0,103.73614501953125
MSFT,2/6/2019,1549463400,107.0,107.0,105.52999877929688,106.02999877929688,20609800.0,104.48507690429688
MSFT,2/5/2019,1549377000,106.05999755859375,107.2699966430664,105.95999908447266,107.22000122070312,27325400.0,105.65774536132812
MSFT,2/4/2019,1549290600,102.87000274658203,105.80000305175781,102.7699966430664,105.73999786376953,31315100.0,104.19929504394531
MSFT,2/1/2019,1549031400,103.77999877929688,104.0999984741211,102.3499984741211,102.77999877929688,35535700.0,101.28243255615234
MSFT,1/31/2019,1548945000,103.80000305175781,105.22000122070312,103.18000030517578,104.43000030517578,55636400.0,102.90839385986328
MSFT,1/30/2019,1548858600,104.62000274658203,106.37999725341797,104.33000183105469,106.37999725341797,49471900.0,104.8299789428711
MSFT,1/29/2019,1548772200,104.87999725341797,104.97000122070312,102.16999816894531,102.94000244140625,31490500.0,101.44010162353516
MSFT,1/28/2019,1548685800,106.26000213623047,106.4800033569336,104.66000366210938,105.08000183105469,29476700.0,103.5489273071289
NCLH,2/8/2019,1549636200,50.84000015258789,51.45000076293945,50.84000015258789,51.310001373291016,1324200.0,51.310001373291016
NCLH,2/7/2019,1549549800,52.09000015258789,52.099998474121094,50.65999984741211,51.349998474121094,1766000.0,51.349998474121094
NCLH,2/6/2019,1549463400,53.040000915527344,53.18000030517578,52.189998626708984,52.619998931884766,1911000.0,52.619998931884766
NCLH,2/5/2019,1549377000,52.20000076293945,52.459999084472656,51.54999923706055,51.810001373291016,1631600.0,51.810001373291016
NCLH,2/4/2019,1549290600,51.33000183105469,52.11000061035156,51.33000183105469,52.08000183105469,2140600.0,52.08000183105469
NCLH,2/1/2019,1549031400,51.400001525878906,51.970001220703125,51.290000915527344,51.470001220703125,2196800.0,51.470001220703125
NCLH,1/31/2019,1548945000,50.56999969482422,51.79999923706055,50.43000030517578,51.43000030517578,3760900.0,51.43000030517578
NCLH,1/30/2019,1548858600,49.72999954223633,51.15999984741211,49.31999969482422,50.849998474121094,6069300.0,50.849998474121094
NCLH,1/29/2019,1548772200,48.439998626708984,48.93000030517578,48.04999923706055,48.720001220703125,3060800.0,48.720001220703125
NCLH,1/28/2019,1548685800,47.290000915527344,48.59000015258789,47.25,48.369998931884766,3226700.0,48.369998931884766
PG,2/8/2019,1549636200,97.01000213623047,97.72000122070312,96.69999694824219,97.70999908447266,7483200.0,95.78887939453125
PG,2/7/2019,1549549800,97.5199966430664,97.5999984741211,96.33999633789062,97.13999938964844,8732500.0,95.2300796508789
PG,2/6/2019,1549463400,97.25,98.31999969482422,97.12000274658203,97.91999816894531,8693900.0,95.99473571777344
PG,2/5/2019,1549377000,97.98999786376953,98.0199966430664,97.20999908447266,97.44000244140625,9772300.0,95.52418518066406
PG,2/4/2019,1549290600,97.20999908447266,98.22000122070312,96.72000122070312,98.02999877929688,11887500.0,96.10257720947266
PG,2/1/2019,1549031400,96.3499984741211,97.61000061035156,95.98999786376953,97.47000122070312,12720800.0,95.5535888671875
PG,1/31/2019,1548945000,94.43000030517578,96.80999755859375,94.08000183105469,96.47000122070312,16044400.0,94.57324981689453
PG,1/30/2019,1548858600,93.61000061035156,94.66000366210938,93.56999969482422,94.5199966430664,7750200.0,92.66159057617188
PG,1/29/2019,1548772200,93.79000091552734,94.12000274658203,93.0999984741211,93.54000091552734,9769800.0,91.70085906982422
PG,1/28/2019,1548685800,93.31999969482422,93.97000122070312,92.97000122070312,93.5199966430664,9765600.0,91.68124389648438
K,2/8/2019,1549636200,55.31999969482422,55.900001525878906,54.81999969482422,55.36000061035156,5316900.0,53.26754379272461
K,2/7/2019,1549549800,56.560001373291016,57.869998931884766,55.52000045776367,55.84000015258789,8770600.0,53.729400634765625
K,2/6/2019,1549463400,59.13999938964844,59.4900016784668,58.689998626708984,59.15999984741211,2682200.0,56.92390823364258
K,2/5/2019,1549377000,58.81999969482422,59.310001373291016,58.75,59.13999938964844,2339100.0,56.904666900634766
K,2/4/2019,1549290600,58.81999969482422,59.11000061035156,58.43000030517578,58.91999816894531,2226700.0,56.6929817199707
K,2/1/2019,1549031400,59.209999084472656,59.40999984741211,58.099998474121094,58.70000076293945,2316400.0,56.48129653930664
K,1/31/2019,1548945000,57.849998474121094,59.060001373291016,57.83000183105469,59.0099983215332,3060500.0,56.779579162597656
K,1/30/2019,1548858600,58.119998931884766,58.689998626708984,57.7599983215332,57.83000183105469,3763200.0,55.64418029785156
K,1/29/2019,1548772200,57.97999954223633,58.36000061035156,57.86000061035156,58.22999954223633,1758700.0,56.02906036376953
K,1/28/2019,1548685800,57.75,58.13999938964844,57.279998779296875,58.119998931884766,1679400.0,55.9232177734375
SKX,2/8/2019,1549636200,32.599998474121094,32.95000076293945,31.34000015258789,31.90999984741211,14443000.0,31.90999984741211
SKX,2/7/2019,1549549800,27.5,28.06999969482422,27.100000381469727,27.700000762939453,5766700.0,27.700000762939453
SKX,2/6/2019,1549463400,27.760000228881836,27.950000762939453,27.149999618530273,27.670000076293945,2638000.0,27.670000076293945
SKX,2/5/2019,1549377000,27.270000457763672,27.6299991607666,27.040000915527344,27.579999923706055,2314900.0,27.579999923706055
SKX,2/4/2019,1549290600,26.440000534057617,27.309999465942383,26.399999618530273,27.200000762939453,1791300.0,27.200000762939453
SKX,2/1/2019,1549031400,27.399999618530273,27.5,26.079999923706055,26.889999389648438,4076700.0,26.889999389648438
SKX,1/31/2019,1548945000,26.989999771118164,30.559999465942383,25.68000030517578,27.170000076293945,6885700.0,27.170000076293945
SKX,1/30/2019,1548858600,26.75,27.309999465942383,26.559999465942383,27.290000915527344,1531900.0,27.290000915527344
SKX,1/29/2019,1548772200,26.950000762939453,27.049999237060547,26.479999542236328,26.610000610351562,1479800.0,26.610000610351562
SKX,1/28/2019,1548685800,26.3799991607666,27.1299991607666,26.34000015258789,26.90999984741211,2471100.0,26.90999984741211
S,2/8/2019,1549636200,5.869999885559082,5.929999828338623,5.760000228881836,5.900000095367432,16713600.0,5.900000095367432
S,2/7/2019,1549549800,5.880000114440918,5.940000057220459,5.760000228881836,5.900000095367432,26282800.0,5.900000095367432
S,2/6/2019,1549463400,5.869999885559082,5.929999828338623,5.789999961853027,5.840000152587891,15559700.0,5.840000152587891
S,2/5/2019,1549377000,6.230000019073486,6.25,5.829999923706055,5.869999885559082,24559000.0,5.869999885559082
S,2/4/2019,1549290600,6.21999979019165,6.260000228881836,6.190000057220459,6.239999771118164,8190200.0,6.239999771118164
S,2/1/2019,1549031400,6.170000076293945,6.269999980926514,6.159999847412109,6.21999979019165,9742900.0,6.21999979019165
S,1/31/2019,1548945000,6.0,6.320000171661377,6.0,6.239999771118164,20190100.0,6.239999771118164
S,1/30/2019,1548858600,6.039999961853027,6.110000133514404,5.96999979019165,6.039999961853027,6581100.0,6.039999961853027
S,1/29/2019,1548772200,6.03000020980835,6.070000171661377,5.96999979019165,6.03000020980835,11493000.0,6.03000020980835
S,1/28/2019,1548685800,6.110000133514404,6.179999828338623,6.010000228881836,6.039999961853027,12560000.0,6.039999961853027
GHC,2/8/2019,1549636200,665.0,665.0,659.6300048828125,664.8400268554688,12200.0,660.843994140625
GHC,2/7/2019,1549549800,663.75,666.239990234375,656.9500122070312,666.2000122070312,31000.0,662.1957397460938
GHC,2/6/2019,1549463400,660.5599975585938,663.4299926757812,659.9199829101562,662.0,17100.0,658.02099609375
GHC,2/5/2019,1549377000,665.6500244140625,666.25,660.0,664.0,26300.0,658.6273803710938
GHC,2/4/2019,1549290600,665.0,666.7999877929688,662.3800048828125,665.6799926757812,13400.0,660.293701171875
GHC,2/1/2019,1549031400,665.030029296875,670.6400146484375,659.8800048828125,665.0,43300.0,659.6192016601562
GHC,1/31/2019,1548945000,657.9099731445312,671.8900146484375,657.9099731445312,665.0,22600.0,659.6192016601562
GHC,1/30/2019,1548858600,667.3099975585938,667.3099975585938,657.4099731445312,659.0,35800.0,653.6677856445312
GHC,1/29/2019,1548772200,664.739990234375,669.4099731445312,660.4099731445312,664.2899780273438,19700.0,658.9149169921875
GHC,1/28/2019,1548685800,661.760009765625,670.5599975585938,660.8200073242188,664.8499755859375,14700.0,659.470458984375
TMUS,2/8/2019,1549636200,67.63999938964844,68.47000122070312,66.94999694824219,68.37999725341797,4129500.0,68.37999725341797
TMUS,2/7/2019,1549549800,68.0,68.45999908447266,65.55999755859375,68.27999877929688,7554600.0,68.27999877929688
TMUS,2/6/2019,1549463400,66.80000305175781,67.30000305175781,66.54000091552734,66.94000244140625,4334500.0,66.94000244140625
TMUS,2/5/2019,1549377000,69.69999694824219,69.69999694824219,66.80000305175781,66.8499984741211,5001100.0,66.8499984741211
TMUS,2/4/2019,1549290600,69.41000366210938,69.62999725341797,68.87999725341797,69.41000366210938,1926200.0,69.41000366210938
TMUS,2/1/2019,1549031400,69.45999908447266,69.77999877929688,69.08000183105469,69.62999725341797,3117900.0,69.62999725341797
TMUS,1/31/2019,1548945000,68.41000366210938,70.12000274658203,68.02999877929688,69.62000274658203,5816100.0,69.62000274658203
TMUS,1/30/2019,1548858600,67.73999786376953,68.69000244140625,67.08999633789062,68.31999969482422,2318300.0,68.31999969482422
TMUS,1/29/2019,1548772200,67.66000366210938,67.94000244140625,66.62999725341797,67.77999877929688,2340100.0,67.77999877929688
TMUS,1/28/2019,1548685800,67.87000274658203,68.48999786376953,67.05999755859375,67.62000274658203,2958100.0,67.62000274658203
INTU,2/8/2019,1549636200,219.30999755859375,224.91000366210938,218.8300018310547,224.8300018310547,1400600.0,223.5807647705078
INTU,2/7/2019,1549549800,222.16000366210938,223.44000244140625,220.5,220.97000122070312,1166400.0,219.74221801757812
INTU,2/6/2019,1549463400,224.14999389648438,224.85000610351562,221.0800018310547,224.5800018310547,915900.0,223.3321533203125
INTU,2/5/2019,1549377000,221.42999267578125,225.47000122070312,221.19000244140625,224.49000549316406,1818200.0,223.24266052246094
INTU,2/4/2019,1549290600,216.8800048828125,222.36000061035156,215.55999755859375,220.91000366210938,2256000.0,219.6825408935547
INTU,2/1/2019,1549031400,215.74000549316406,216.86000061035156,212.6699981689453,214.4499969482422,1935000.0,213.25843811035156
INTU,1/31/2019,1548945000,213.60000610351562,217.39999389648438,213.3000030517578,215.82000732421875,2792300.0,214.62081909179688
INTU,1/30/2019,1548858600,209.72000122070312,214.64999389648438,209.60000610351562,214.10000610351562,1251400.0,212.91038513183594
INTU,1/29/2019,1548772200,211.2100067138672,211.8699951171875,207.69000244140625,208.3300018310547,995700.0,207.17245483398438
INTU,1/28/2019,1548685800,212.8300018310547,212.89999389648438,209.75,211.0500030517578,972500.0,209.8773193359375
VZ,2/8/2019,1549636200,53.36000061035156,53.959999084472656,53.29999923706055,53.95000076293945,12011700.0,52.30031204223633
VZ,2/7/2019,1549549800,53.61000061035156,53.72999954223633,53.02000045776367,53.56999969482422,12436200.0,51.93193054199219
VZ,2/6/2019,1549463400,54.11000061035156,54.369998931884766,53.68000030517578,53.790000915527344,11391400.0,52.14520263671875
VZ,2/5/2019,1549377000,54.099998474121094,54.34000015258789,53.61000061035156,54.13999938964844,14124600.0,52.484500885009766
VZ,2/4/2019,1549290600,54.599998474121094,54.689998626708984,53.66999816894531,54.040000915527344,15818900.0,52.38755798339844
VZ,2/1/2019,1549031400,55.209999084472656,55.29999923706055,54.470001220703125,54.54999923706055,13778000.0,52.881961822509766
VZ,1/31/2019,1548945000,54.04999923706055,55.189998626708984,53.529998779296875,55.060001373291016,28585400.0,53.37636947631836
VZ,1/30/2019,1548858600,53.099998474121094,54.02000045776367,52.279998779296875,54.0,27260000.0,52.34878158569336
VZ,1/29/2019,1548772200,53.619998931884766,54.29999923706055,52.970001220703125,53.279998779296875,33789200.0,51.650794982910156
VZ,1/28/2019,1548685800,56.119998931884766,56.220001220703125,54.79999923706055,55.06999969482422,25955700.0,53.38606262207031
